svsl Ru Ru 2.69353 1.71072 -0.30016
0.99885 0.99774 0.99990 1.00000 -0.00000 -0.00000

4
1.19330
1.00000 0.00119 0.00263 
0.00119 0.00000 0.00001 
0.00263 0.00001 0.00001 

-0.84948
0.95871 0.00488 0.00378 
0.00488 -0.90670 -1.00000 
0.00378 -1.00000 0.00001 

-0.68769
0.98745 0.00177 0.00548 
0.00177 0.00000 -0.22667 
0.00548 -0.22667 -1.00000 

-0.04736
0.00000 -0.00126 0.00000 
-0.00126 1.00000 -0.00000 
0.00000 -0.00000 0.00000 

-0.30017 -0.00388 -0.00384 
-0.00388 0.72287 1.00537 
-0.00384 1.00537 0.68770 

---------------

svsl Ru Ru 2.69425 1.80130 0.37672
0.99885 0.99774 0.99990 -0.00000 -0.00000 -1.00000

4
1.67689
1.00000 0.00000 0.00263 
0.00000 0.00000 0.00000 
0.00263 0.00000 0.00001 

0.59073
0.00001 1.00000 -0.00184 
1.00000 0.00001 0.00263 
-0.00184 0.00263 -0.00002 

-0.39626
0.98748 -0.33228 0.00581 
-0.33228 -0.00001 -0.00262 
0.00581 -0.00262 -1.00000 

0.87286
0.00000 0.00000 -0.00000 
0.00000 1.00000 -0.00184 
-0.00000 -0.00184 0.00001 

1.28560 0.72241 0.00103 
0.72241 0.87287 0.00099 
0.00103 0.00099 0.39628 

---------------

svsl Ru Ru 2.69469 1.00996 -0.55558
0.99885 0.99774 0.99990 1.00000 -0.00000 -1.00000

6
0.27001
1.00000 0.00000 -0.00000 
0.00000 0.00000 0.00000 
-0.00000 0.00000 0.00000 

0.18329
-0.00000 1.00000 0.00000 
1.00000 0.00000 -0.00000 
0.00000 -0.00000 -0.00000 

-0.78841
0.00000 -0.00000 1.00000 
-0.00000 0.00000 0.00000 
1.00000 0.00000 -0.00000 

-0.54395
0.00000 -0.00000 -0.00000 
-0.00000 1.00000 0.00000 
-0.00000 0.00000 0.00000 

0.00837
0.00000 0.00000 -0.00000 
0.00000 -0.00000 1.00000 
-0.00000 1.00000 0.00000 

0.17274
0.00000 0.00000 0.00000 
0.00000 0.00000 -0.00000 
0.00000 -0.00000 1.00000 

0.27001 0.18329 -0.78841 
0.18329 -0.54395 0.00837 
-0.78841 0.00837 0.17274 

---------------

svsl Ru Ru 3.80884 1.07797 -0.16888
0.99885 0.99774 0.99990 1.00000 -1.00000 1.00000

6
-0.46100
1.00000 0.00080 0.00351 
0.00080 0.00000 0.00000 
0.00351 0.00000 0.00002 

0.08989
0.00506 1.00000 -0.00366 
1.00000 -0.00475 0.00000 
-0.00366 0.00000 -0.00004 

0.14631
0.02079 -0.00348 -1.00000 
-0.00348 -0.00000 -0.00241 
-1.00000 -0.00241 -0.02105 

1.08022
0.00000 -0.00084 -0.00000 
-0.00084 1.00000 -0.00123 
-0.00000 -0.00123 0.00000 

0.14950
0.00003 0.00000 -0.00255 
0.00000 -0.00701 1.00000 
-0.00255 1.00000 0.00734 

0.12095
0.00002 -0.00001 -0.00346 
-0.00001 0.00000 0.00116 
-0.00346 0.00116 1.00000 

-0.45749 0.08811 -0.14905 
0.08811 1.07874 0.14796 
-0.14905 0.14796 0.11896 

---------------

svsl Ru Ru 3.80995 0.38319 0.03700
0.99885 0.99774 0.99990 -1.00000 -1.00000 1.00000

6
0.83881
1.00000 0.00080 0.00351 
0.00080 0.00000 0.00000 
0.00351 0.00000 0.00002 

-0.02524
0.00506 1.00000 -0.00366 
1.00000 -0.00475 0.00000 
-0.00366 0.00000 -0.00004 

-0.30010
0.02079 -0.00348 -1.00000 
-0.00348 -0.00000 -0.00241 
-1.00000 -0.00241 -0.02105 

-0.76630
0.00000 -0.00084 -0.00000 
-0.00084 1.00000 -0.00123 
-0.00000 -0.00123 0.00000 

-0.58745
0.00003 0.00000 -0.00255 
0.00000 -0.00701 1.00000 
-0.00255 1.00000 0.00734 

0.38480
0.00002 -0.00001 -0.00346 
-0.00001 0.00000 0.00116 
-0.00346 0.00116 1.00000 

0.83244 -0.02289 0.30330 
-0.02289 -0.76206 -0.58533 
0.30330 -0.58533 0.38682 

---------------

svsl Ru Ru 3.81190 -0.02450 0.49030
0.99885 0.99774 0.99990 -1.00000 1.00000 1.00000

6
-0.02768
1.00000 0.00080 0.00351 
0.00080 0.00000 0.00000 
0.00351 0.00000 0.00002 

-0.47135
0.00506 1.00000 -0.00366 
1.00000 -0.00475 0.00000 
-0.00366 0.00000 -0.00004 

0.43036
0.02079 -0.00348 -1.00000 
-0.00348 -0.00000 -0.00241 
-1.00000 -0.00241 -0.02105 

0.72272
0.00000 -0.00084 -0.00000 
-0.00084 1.00000 -0.00123 
-0.00000 -0.00123 0.00000 

0.26107
0.00003 0.00000 -0.00255 
0.00000 -0.00701 1.00000 
-0.00255 1.00000 0.00734 

0.26120
0.00002 -0.00001 -0.00346 
-0.00001 0.00000 0.00116 
-0.00346 0.00116 1.00000 

-0.02111 -0.47348 -0.43030 
-0.47348 0.72313 0.25944 
-0.43030 0.25944 0.25408 

---------------

svsl Ru Ru 4.66549 0.00932 -0.22051
0.99885 0.99774 0.99990 -1.00000 0.00000 -1.00000

6
0.08549
1.00000 0.00000 -0.00000 
0.00000 0.00000 0.00000 
-0.00000 0.00000 0.00000 

0.18066
-0.00000 1.00000 0.00000 
1.00000 0.00000 -0.00000 
0.00000 -0.00000 -0.00000 

0.04919
0.00000 -0.00000 1.00000 
-0.00000 0.00000 0.00000 
1.00000 0.00000 -0.00000 

-0.25868
0.00000 -0.00000 -0.00000 
-0.00000 1.00000 0.00000 
-0.00000 0.00000 0.00000 

0.11207
0.00000 0.00000 -0.00000 
0.00000 -0.00000 1.00000 
-0.00000 1.00000 0.00000 

-0.25849
0.00000 0.00000 0.00000 
0.00000 0.00000 -0.00000 
0.00000 -0.00000 1.00000 

0.08549 0.18066 0.04919 
0.18066 -0.25868 0.11207 
0.04919 0.11207 -0.25849 

---------------

svsl Ru Ru 4.66598 0.26503 0.31843
0.99885 0.99774 0.99990 -1.00000 2.00000 -1.00000

6
0.31570
1.00000 0.00000 -0.00000 
0.00000 0.00000 0.00000 
-0.00000 0.00000 0.00000 

0.09339
-0.00000 1.00000 0.00000 
1.00000 0.00000 -0.00000 
0.00000 -0.00000 -0.00000 

-0.18774
0.00000 -0.00000 1.00000 
-0.00000 0.00000 0.00000 
1.00000 0.00000 -0.00000 

0.28448
0.00000 -0.00000 -0.00000 
-0.00000 1.00000 0.00000 
-0.00000 0.00000 0.00000 

-0.14576
0.00000 0.00000 -0.00000 
0.00000 -0.00000 1.00000 
-0.00000 1.00000 0.00000 

0.30170
0.00000 0.00000 0.00000 
0.00000 0.00000 -0.00000 
0.00000 -0.00000 1.00000 

0.31570 0.09339 -0.18774 
0.09339 0.28448 -0.14576 
-0.18774 -0.14576 0.30170 

---------------

svsl Ru Ru 4.66625 0.33256 0.04806
0.99885 0.99774 0.99990 -1.00000 -1.00000 0.00000

6
-0.16198
1.00000 0.00000 -0.00000 
0.00000 0.00000 0.00000 
-0.00000 0.00000 0.00000 

-0.22690
-0.00000 1.00000 0.00000 
1.00000 0.00000 -0.00000 
0.00000 -0.00000 -0.00000 

0.00465
0.00000 -0.00000 1.00000 
-0.00000 0.00000 0.00000 
1.00000 0.00000 -0.00000 

0.21483
0.00000 -0.00000 -0.00000 
-0.00000 1.00000 0.00000 
-0.00000 0.00000 0.00000 

0.21617
0.00000 0.00000 -0.00000 
0.00000 -0.00000 1.00000 
-0.00000 1.00000 0.00000 

0.37583
0.00000 0.00000 0.00000 
0.00000 0.00000 -0.00000 
0.00000 -0.00000 1.00000 

-0.16198 -0.22690 0.00465 
-0.22690 0.21483 0.21617 
0.00465 0.21617 0.37583 

---------------

svsl Ru Ru 4.66663 -0.25603 -0.03563
0.99885 0.99774 0.99990 0.00000 2.00000 -1.00000

6
-0.37208
1.00000 0.00000 -0.00000 
0.00000 0.00000 0.00000 
-0.00000 0.00000 0.00000 

-0.00565
-0.00000 1.00000 0.00000 
1.00000 0.00000 -0.00000 
0.00000 -0.00000 -0.00000 

-0.15876
0.00000 -0.00000 1.00000 
-0.00000 0.00000 0.00000 
1.00000 0.00000 -0.00000 

0.17809
0.00000 -0.00000 -0.00000 
-0.00000 1.00000 0.00000 
-0.00000 0.00000 0.00000 

0.04628
0.00000 0.00000 -0.00000 
0.00000 -0.00000 1.00000 
-0.00000 1.00000 0.00000 

-0.13330
0.00000 0.00000 0.00000 
0.00000 0.00000 -0.00000 
0.00000 -0.00000 1.00000 

-0.37208 -0.00565 -0.15876 
-0.00565 0.17809 0.04628 
-0.15876 0.04628 -0.13330 

---------------

svsl Ru Ru 4.66746 0.37279 0.41914
0.99885 0.99774 0.99990 -0.00000 -1.00000 -1.00000

6
0.52149
1.00000 0.00000 -0.00000 
0.00000 0.00000 0.00000 
-0.00000 0.00000 0.00000 

0.05936
-0.00000 1.00000 0.00000 
1.00000 0.00000 -0.00000 
0.00000 -0.00000 -0.00000 

-0.13662
0.00000 -0.00000 1.00000 
-0.00000 0.00000 0.00000 
1.00000 0.00000 -0.00000 

0.39298
0.00000 -0.00000 -0.00000 
-0.00000 1.00000 0.00000 
-0.00000 0.00000 0.00000 

-0.11277
0.00000 0.00000 -0.00000 
0.00000 -0.00000 1.00000 
-0.00000 1.00000 0.00000 

0.29661
0.00000 0.00000 0.00000 
0.00000 0.00000 -0.00000 
0.00000 -0.00000 1.00000 

0.52149 0.05936 -0.13662 
0.05936 0.39298 -0.11277 
-0.13662 -0.11277 0.29661 

---------------

svsl Ru Ru 4.66781 -0.03445 -0.14451
0.99885 0.99774 0.99990 1.00000 -2.00000 0.00000

6
0.01704
1.00000 0.00000 -0.00000 
0.00000 0.00000 0.00000 
-0.00000 0.00000 0.00000 

-0.00730
-0.00000 1.00000 0.00000 
1.00000 0.00000 -0.00000 
0.00000 -0.00000 -0.00000 

0.04860
0.00000 -0.00000 1.00000 
-0.00000 0.00000 0.00000 
1.00000 0.00000 -0.00000 

-0.16891
0.00000 -0.00000 -0.00000 
-0.00000 1.00000 0.00000 
-0.00000 0.00000 0.00000 

0.07898
0.00000 0.00000 -0.00000 
0.00000 -0.00000 1.00000 
-0.00000 1.00000 0.00000 

-0.17161
0.00000 0.00000 0.00000 
0.00000 0.00000 -0.00000 
0.00000 -0.00000 1.00000 

0.01704 -0.00730 0.04860 
-0.00730 -0.16891 0.07898 
0.04860 0.07898 -0.17161 

---------------

svsl Ru Ru 5.38706 0.41638 -0.01395
0.99885 0.99774 0.99990 2.00000 -0.00000 -0.00000

4
0.42179
1.00000 0.00119 0.00263 
0.00119 0.00000 0.00001 
0.00263 0.00001 0.00001 

-0.28188
0.95871 0.00488 0.00378 
0.00488 -0.90670 -1.00000 
0.00378 -1.00000 0.00001 

-0.02175
0.98745 0.00177 0.00548 
0.00177 0.00000 -0.22667 
0.00548 -0.22667 -1.00000 

-0.01891
0.00000 -0.00126 0.00000 
-0.00126 1.00000 -0.00000 
0.00000 -0.00000 0.00000 

0.13006 -0.00089 -0.00008 
-0.00089 0.23667 0.28681 
-0.00008 0.28681 0.02176 

---------------

svsl Ru Ru 5.38850 0.20044 -0.12257
0.99885 0.99774 0.99990 -0.00000 -0.00000 -2.00000

4
0.00504
1.00000 0.00000 0.00263 
0.00000 0.00000 0.00000 
0.00263 0.00000 0.00001 

0.24216
0.00001 1.00000 -0.00184 
1.00000 0.00001 0.00263 
-0.00184 0.00263 -0.00002 

-0.11576
0.98748 -0.33228 0.00581 
-0.33228 -0.00001 -0.00262 
0.00581 -0.00262 -1.00000 

-0.05119
0.00000 0.00000 -0.00000 
0.00000 1.00000 -0.00184 
-0.00000 -0.00184 0.00001 

-0.10927 0.28062 -0.00110 
0.28062 -0.05118 0.00104 
-0.00110 0.00104 0.11575 

---------------

svsl Ru Ru 5.38937 0.80765 0.28594
0.99885 0.99774 0.99990 2.00000 -0.00000 -2.00000

6
0.64903
1.00000 0.00000 -0.00000 
0.00000 0.00000 0.00000 
-0.00000 0.00000 0.00000 

0.02656
-0.00000 1.00000 0.00000 
1.00000 0.00000 -0.00000 
0.00000 -0.00000 -0.00000 

-0.27407
0.00000 -0.00000 1.00000 
-0.00000 0.00000 0.00000 
1.00000 0.00000 -0.00000 

0.31377
0.00000 -0.00000 -0.00000 
-0.00000 1.00000 0.00000 
-0.00000 0.00000 0.00000 

0.10118
0.00000 0.00000 -0.00000 
0.00000 -0.00000 1.00000 
-0.00000 1.00000 0.00000 

0.41674
0.00000 0.00000 0.00000 
0.00000 0.00000 -0.00000 
0.00000 -0.00000 1.00000 

0.64903 0.02656 -0.27407 
0.02656 0.31377 0.10118 
-0.27407 0.10118 0.41674 

---------------

